255 255 255 255 255 255 255 255 255 255 255 255 255 255 255 255 255 255 255 255 255 255 255 255 253 255 255 255 254 255 255 255 253 255 255 254 255 255 255 254 255 254 254 255 255 255 255 254 255 255 255 253 254 255 255 254 255 255 255 255 255 255 255 255 254 255 254 255 255 255 255 255 253 254 254 255 255 255 254 255 255 254 252 255 255 255 252 255 254 255 255 255 255 255 255 254 255 255 255 255 255 255 255 255 255 255 255 255 255 255 255 255 255 255 255 255
255 255 255 255 255 255 255 255 255 255 255 255 255 255 255 255 255 255 255 255 255 255 255 255 255 255 255 255 255 255 255 255 255 255 255 255 255 254 254 255 253 254 255 253 253 255 255 255 253 252 255 255 255 255 255 255 255 255 255 255 255 255 255 255 255 252 254 255 251 254 255 255 255 252 255 255 252 254 255 252 255 255 255 254 253 255 255 255 255 255 254 253 254 255 255 254 255 255 255 255 255 255 255 255 255 255 255 255 255 255 255 255 255 255 255 255
255 255 255 255 255 255 255 255 255 255 255 255 255 255 255 255 255 255 255 255 255 255 255 255 255 255 253 251 252 254 255 254 254 255 255 253 254 255 255 253 255 255 255 255 254 254 253 251 255 255 255 255 253 250 251 255 254 254 254 254 254 254 254 254 251 254 255 255 254 252 251 253 253 254 254 255 255 254 254 255 253 255 255 254 255 255 255 250 252 252 252 254 255 255 254 254 255 255 255 255 255 255 255 255 255 255 255 255 255 255 255 255 255 255 255 255
255 255 255 255 255 255 255 255 255 255 255 255 255 255 255 255 255 255 255 255 254 254 254 255 253 254 255 255 255 255 253 250 253 252 254 252 253 253 255 255 250 252 251 249 250 253 255 255 252 253 254 254 255 255 255 253 254 254 254 254 254 254 254 254 255 255 251 249 255 255 249 252 252 255 252 250 255 252 249 255 253 254 253 254 250 252 253 255 255 255 255 255 253 252 254 255 255 255 255 255 255 255 255 255 255 255 255 255 255 255 255 255 255 255 255 255
255 255 255 255 255 255 255 255 255 255 255 255 255 255 255 255 255 255 255 254 254 254 254 254 255 254 254 254 254 253 253 253 252 248 255 255 255 249 253 255 255 255 254 255 255 255 252 255 246 236 220 209 206 208 207 205 208 208 208 208 208 208 208 208 206 207 220 230 239 250 255 255 253 252 255 255 254 254 255 255 253 253 250 255 254 255 252 252 254 254 254 255 255 254 254 255 255 255 255 255 255 255 255 255 255 255 255 255 255 255 255 255 255 255 255 255
255 255 255 255 255 255 255 255 255 255 255 255 255 255 255 255 255 255 254 254 254 254 254 254 253 253 253 255 255 255 254 254 255 252 255 250 247 235 227 212 206 198 172 143 130 119 96 77 42 30 21 22 26 27 27 29 26 26 26 26 26 26 26 26 25 22 22 24 42 68 89 109 125 144 168 187 203 214 227 240 246 253 255 255 250 253 254 255 255 255 254 254 255 255 255 252 255 255 255 255 255 255 255 255 255 255 255 255 255 255 255 255 255 255 255 255
255 255 255 255 255 255 255 255 255 255 255 255 255 255 255 255 255 255 254 254 254 253 253 253 255 253 252 254 255 254 253 252 234 203 170 131 108 89 82 67 52 53 58 66 63 53 71 107 134 140 158 183 199 202 199 198 201 201 201 201 201 201 201 201 200 190 168 144 135 111 71 62 58 64 54 48 58 64 74 95 110 124 158 196 237 253 255 248 253 255 255 254 252 254 255 254 255 255 255 255 255 255 255 255 255 255 255 255 255 255 255 255 255 255 255 255
255 255 255 255 255 255 255 255 255 255 255 255 255 255 255 255 255 255 254 254 253 253 253 253 251 254 255 252 228 188 145 118 89 69 75 87 99 99 122 137 155 167 181 203 232 246 249 253 254 254 254 255 255 255 255 255 255 255 255 255 255 255 255 255 255 253 255 253 255 255 245 245 231 212 186 169 159 141 116 99 93 78 75 67 84 97 140 168 214 233 251 255 254 253 253 252 255 255 255 255 255 255 255 255 255 255 255 255 255 255 255 255 255 255 255 255
255 255 255 255 255 255 255 255 254 255 255 255 254 254 255 255 255 252 255 252 255 252 254 242 213 176 126 87 70 61 57 77 103 131 159 188 222 240 255 250 254 255 252 253 255 254 254 254 255 255 255 254 254 252 253 255 255 254 255 255 253 255 254 255 253 255 251 255 255 251 255 251 255 255 253 255 254 254 253 238 222 197 163 134 113 90 82 69 81 82 115 140 181 222 243 255 255 255 253 254 255 255 255 252 255 255 255 255 255 255 255 255 255 255 255 255
255 255 255 255 255 255 255 255 255 255 255 255 254 255 255 255 255 252 255 255 253 211 115 68 43 52 45 78 112 152 187 212 237 255 254 255 255 252 250 255 252 251 251 255 255 249 253 255 252 252 252 254 255 255 254 254 255 253 253 255 255 255 254 255 255 253 254 255 255 252 251 255 255 251 251 255 254 250 254 255 255 253 253 255 239 208 194 155 129 96 83 77 73 69 87 164 254 255 255 255 250 253 255 255 255 255 255 255 255 255 255 255 255 255 255 255
255 255 255 255 255 255 255 255 255 255 254 254 255 255 255 255 254 254 248 250 200 24 35 94 139 166 208 231 255 255 255 253 253 251 253 254 255 250 255 255 249 252 252 252 251 255 255 249 255 255 255 253 251 250 253 255 254 253 248 252 251 255 255 253 253 253 253 249 251 255 254 251 252 252 253 251 251 253 253 255 254 251 255 252 250 255 254 255 253 241 210 174 147 131 68 1 146 253 253 248 255 255 250 251 255 255 255 255 255 255 255 255 255 255 255 255
255 255 255 255 255 255 255 255 255 254 254 254 255 254 254 254 253 245 255 185 9 74 231 245 254 253 255 252 253 255 251 255 251 255 253 255 253 255 252 251 255 253 249 250 252 252 253 254 253 252 253 255 255 255 253 252 253 255 255 255 250 254 252 254 251 255 252 255 255 250 255 255 252 249 253 254 255 255 252 255 253 255 252 251 255 255 254 253 255 254 255 255 255 240 236 109 3 146 252 252 251 252 250 255 255 255 255 255 255 255 255 255 255 255 255 255
255 255 255 255 255 255 255 255 255 254 253 254 255 254 253 254 255 255 198 9 83 244 253 252 253 254 251 255 255 249 255 255 255 253 248 255 253 255 255 255 249 255 255 255 255 254 250 255 254 246 239 233 225 220 217 214 209 195 193 195 199 212 212 221 225 234 236 242 249 254 255 249 255 253 255 253 254 255 255 255 255 252 255 255 251 251 255 253 254 250 253 246 255 249 252 255 112 3 171 252 254 255 255 254 255 255 255 255 255 255 255 255 255 255 255 255
255 255 255 255 255 255 255 255 255 254 253 254 254 253 253 254 255 232 23 62 252 255 251 252 255 249 251 249 255 252 255 248 253 252 254 254 255 250 233 210 185 158 108 77 92 105 92 85 83 99 115 108 80 66 75 87 85 80 85 83 88 93 80 70 71 101 122 96 77 87 94 99 91 83 102 142 179 210 233 248 255 251 255 255 251 255 250 255 250 255 252 255 248 255 251 253 255 105 6 216 254 255 251 255 255 255 255 255 255 255 255 255 255 255 255 255
255 255 255 255 255 255 255 255 255 254 254 255 254 252 252 254 247 82 14 222 254 255 254 251 248 251 255 255 240 255 251 252 255 239 166 102 59 54 21 8 26 44 59 64 73 85 103 134 150 147 150 153 148 149 152 149 159 171 180 172 165 154 161 155 149 148 156 152 151 144 111 92 80 58 55 58 28 3 24 54 52 112 163 225 255 254 253 250 253 246 255 251 255 252 255 252 255 239 44 60 255 252 255 253 254 255 255 255 255 255 255 255 255 255 255 255
255 255 255 255 255 255 255 255 255 254 254 255 254 251 252 254 161 0 170 252 249 253 253 255 253 252 249 253 255 255 228 178 82 22 22 73 98 145 190 202 234 246 255 251 251 255 253 255 255 251 253 255 253 254 255 251 254 255 252 255 248 222 247 255 255 255 254 254 254 254 255 254 255 251 253 255 234 207 181 144 97 64 25 36 84 155 209 230 253 254 252 255 253 253 253 255 252 252 201 2 167 253 249 251 254 254 255 255 255 255 255 255 255 255 255 255
255 255 255 255 255 255 255 255 255 254 254 253 255 254 255 230 33 92 252 255 252 255 255 250 255 246 255 248 164 89 25 0 81 162 235 252 255 255 248 255 254 253 250 254 252 255 248 253 253 255 252 249 215 185 178 170 143 116 75 24 12 9 128 255 249 255 251 252 253 254 253 249 252 253 253 253 254 254 254 255 254 255 220 161 91 64 73 114 139 226 251 252 255 253 255 252 254 255 253 92 45 249 249 251 255 255 255 255 255 255 255 255 255 255 255 255
255 255 255 255 255 255 255 255 254 255 255 254 255 251 252 123 23 207 255 248 254 253 254 254 248 255 236 75 19 84 165 142 123 249 255 254 255 254 250 251 254 254 251 250 247 255 255 255 236 181 155 117 145 156 139 118 55 14 2 57 122 168 112 237 255 251 255 255 251 254 255 255 254 254 254 254 254 254 254 254 252 253 255 251 253 215 58 39 51 59 206 251 247 254 252 255 253 249 255 213 8 157 252 253 255 255 255 255 255 255 255 255 255 255 255 255
255 255 255 255 255 255 255 255 255 255 253 253 254 253 235 31 113 255 248 255 255 253 255 253 250 214 45 70 221 254 252 255 172 123 254 255 251 250 255 243 252 253 252 252 251 207 160 131 113 154 193 225 176 83 34 36 79 147 207 252 251 255 143 175 254 253 255 255 254 255 253 250 254 254 254 254 254 254 254 253 255 253 248 253 188 104 179 180 172 103 16 184 255 255 249 255 255 252 254 255 93 37 247 250 255 255 255 255 255 255 255 255 255 255 255 255
255 255 255 255 255 255 255 255 254 253 253 255 254 251 161 0 210 255 253 253 253 255 253 254 251 43 50 236 255 253 255 250 252 120 204 254 248 255 248 255 255 253 241 176 113 121 163 223 252 224 139 48 28 95 184 226 255 253 255 250 251 255 207 126 254 255 251 253 255 250 252 255 253 254 254 255 255 255 255 254 255 255 250 192 93 228 247 255 249 255 101 27 235 255 250 255 254 248 252 255 181 20 168 255 255 255 255 255 255 255 255 255 255 255 255 255
255 255 255 255 255 255 255 255 255 254 255 254 253 251 74 52 247 254 255 248 254 253 255 255 159 24 213 255 248 252 246 255 253 184 141 253 255 251 255 253 245 172 108 138 231 255 251 198 93 30 63 146 233 255 255 254 246 255 253 255 254 249 249 112 238 255 255 252 255 254 255 255 254 254 254 255 255 255 254 254 251 255 236 93 223 253 255 254 255 255 246 48 93 253 255 254 253 252 254 246 238 76 81 244 255 255 255 255 255 255 255 255 255 255 255 255
255 255 255 255 255 255 255 255 255 255 255 250 255 242 22 139 255 253 250 255 255 251 253 246 47 162 253 255 255 253 255 245 253 237 111 241 252 255 248 168 97 137 229 253 252 158 59 44 101 201 249 252 254 253 251 255 255 255 253 253 252 255 250 129 225 250 255 253 251 255 254 251 255 255 255 255 255 254 253 252 254 254 125 175 255 244 251 253 251 246 254 181 7 204 255 251 255 254 248 255 253 126 69 197 255 255 255 255 255 255 255 255 255 255 255 255
255 255 255 255 255 255 255 255 254 255 255 254 255 209 0 187 251 255 255 252 255 252 248 200 7 216 249 248 252 251 255 255 248 249 153 179 254 173 93 136 217 255 254 186 44 46 153 222 255 253 251 249 255 255 255 253 255 255 252 254 255 252 255 143 199 252 247 255 255 252 253 255 254 255 255 255 255 254 253 252 255 227 112 247 252 254 255 255 255 255 249 235 38 146 252 255 249 252 255 250 255 158 69 164 255 255 255 255 255 255 255 255 255 255 255 255
255 255 255 255 255 255 255 255 255 254 252 255 253 176 6 215 254 251 255 253 253 251 255 130 35 244 250 254 251 255 253 252 254 254 230 96 120 131 220 254 254 203 79 20 118 236 252 255 246 253 255 249 254 252 252 255 255 248 255 254 255 251 249 173 129 255 248 251 255 250 255 252 253 254 254 255 255 254 253 253 255 156 171 254 248 255 250 253 255 249 253 250 93 99 255 251 255 255 255 250 254 190 77 145 255 255 255 255 255 255 255 255 255 255 255 255
255 255 255 255 255 255 255 255 255 255 255 254 253 113 42 250 253 254 251 253 255 247 255 67 96 254 255 252 253 255 252 250 250 249 186 76 200 252 255 224 103 15 77 208 252 254 255 254 253 253 253 254 254 254 254 254 253 255 255 254 255 253 255 194 37 243 254 249 255 254 255 254 254 255 254 255 255 254 251 252 252 123 221 255 251 249 255 249 255 252 252 255 124 73 229 255 253 255 255 255 250 215 84 102 254 255 252 255 255 253 254 255 255 255 255 255
255 255 255 255 255 255 255 255 255 250 247 254 253 75 73 252 253 255 255 255 255 255 235 26 153 253 250 253 250 251 251 255 255 142 110 244 250 242 142 21 33 178 255 251 252 252 250 253 254 254 254 254 254 255 255 254 255 255 255 253 255 253 255 195 35 175 255 255 250 252 251 255 255 255 254 255 255 255 254 253 230 120 251 253 254 255 249 255 255 253 254 252 177 65 197 255 252 252 253 255 255 237 101 91 243 255 254 255 255 254 254 254 255 255 255 255
255 255 255 255 255 255 255 255 255 255 254 253 242 36 129 252 254 255 254 254 249 255 195 15 214 254 253 250 250 249 254 227 104 152 254 251 212 69 25 130 236 255 252 255 255 250 255 254 254 255 255 255 255 255 255 255 255 255 255 253 254 253 255 193 104 124 253 255 253 255 255 251 255 253 255 255 254 255 255 254 185 142 255 253 255 254 253 255 255 254 251 255 207 77 158 255 254 253 253 255 254 253 124 74 215 255 253 254 255 254 255 254 255 255 255 255
255 255 255 255 255 255 255 255 255 254 253 254 221 4 168 255 255 251 254 255 253 253 130 41 249 251 255 250 255 253 198 102 187 253 253 160 33 59 203 255 255 249 250 254 254 251 251 255 255 255 255 255 255 255 255 255 255 254 255 254 253 252 254 187 147 137 213 251 253 253 250 255 254 253 255 255 255 253 254 255 143 187 250 255 253 252 255 253 255 253 248 255 221 98 121 251 253 255 255 254 251 255 153 69 182 251 251 252 254 255 255 255 255 255 255 255
255 255 255 255 255 255 255 255 255 253 254 252 190 6 199 255 253 252 255 254 255 249 76 95 253 255 252 250 255 157 112 225 253 231 99 20 118 236 255 251 254 251 255 253 251 255 255 255 255 255 255 255 255 255 255 255 255 254 255 254 253 254 254 184 156 188 142 255 249 255 255 252 254 255 255 253 255 253 254 252 121 226 254 255 251 255 254 254 255 252 253 251 249 112 103 239 250 255 255 255 254 254 185 77 154 253 253 253 254 255 255 254 255 255 255 255
255 255 255 255 255 255 255 255 255 255 255 251 157 30 229 254 248 255 255 246 255 241 52 141 254 250 254 250 159 114 247 255 198 47 45 173 250 255 244 255 254 254 254 254 255 255 252 254 255 255 255 255 255 255 255 255 255 254 255 254 253 255 255 185 141 252 118 237 255 253 252 255 255 255 253 252 255 253 255 235 115 247 255 255 254 255 253 254 254 253 255 247 255 133 107 223 252 254 254 255 255 251 202 80 129 254 254 253 255 255 255 253 255 255 255 255
255 255 255 255 255 255 255 255 255 251 249 255 129 35 243 255 248 255 255 252 255 220 47 160 255 244 254 186 105 255 255 127 29 87 219 254 251 252 252 255 254 255 255 255 252 251 255 255 255 255 255 255 255 255 255 255 255 254 255 254 253 255 255 181 146 255 138 182 255 253 255 250 255 255 253 254 254 254 255 202 129 254 251 255 255 252 255 253 255 254 255 251 251 161 93 204 255 254 255 254 254 252 209 85 109 254 253 253 255 254 255 254 255 255 255 255
255 255 255 255 255 255 255 255 254 253 252 254 107 37 255 252 254 253 252 255 252 201 61 183 254 255 204 96 238 244 92 12 139 247 255 253 247 254 253 255 255 254 253 254 255 255 255 255 255 255 255 255 255 255 255 255 255 253 255 255 253 254 253 176 156 254 187 146 253 255 251 255 255 253 254 255 252 254 255 173 156 255 252 253 252 255 253 255 255 254 253 255 255 177 57 192 255 252 255 254 252 255 214 97 102 255 254 254 255 254 255 254 255 255 255 255
255 255 255 255 255 255 255 255 254 254 253 255 88 56 253 249 252 255 251 255 255 187 77 213 255 222 87 229 236 67 13 170 254 253 252 252 254 255 255 254 255 255 255 255 255 255 255 255 255 255 255 255 255 255 255 255 253 255 255 254 250 250 255 155 168 254 208 134 251 250 255 255 253 255 254 255 255 253 254 148 187 253 255 255 254 253 255 255 255 253 254 254 253 198 60 175 255 255 254 255 252 254 239 109 101 248 253 255 255 252 255 253 255 255 255 255
255 255 255 255 255 255 255 255 255 254 252 255 67 90 255 253 252 254 255 255 255 149 77 216 234 93 226 214 49 39 200 255 254 253 252 253 254 255 255 254 255 255 255 255 255 255 255 255 255 255 255 255 255 255 255 255 255 251 252 255 254 252 253 172 196 255 217 122 255 255 255 252 255 255 252 255 254 255 255 134 208 255 254 255 255 254 254 255 253 255 255 249 255 230 76 166 250 255 252 253 255 252 243 114 85 233 255 250 255 255 252 255 255 255 255 255
255 255 255 255 255 255 255 255 250 255 254 249 43 129 255 253 251 255 251 255 254 134 89 224 109 198 199 31 58 216 255 246 254 253 253 253 254 255 255 254 255 255 255 255 255 255 255 255 255 255 255 255 255 255 255 255 253 255 255 255 253 250 255 238 251 252 247 122 242 254 254 251 255 254 254 255 251 255 252 125 233 255 252 255 255 255 252 255 255 249 254 255 254 214 60 151 255 251 255 254 251 255 254 130 84 215 255 254 254 255 253 255 255 255 255 255
255 255 255 255 255 255 255 255 255 255 255 240 21 116 222 245 252 255 255 235 223 106 92 110 179 172 13 78 234 255 245 254 254 254 254 254 254 255 255 255 255 255 255 255 255 255 255 255 255 255 255 255 255 255 255 255 254 255 254 253 255 253 252 255 253 250 255 122 220 255 247 255 255 253 253 255 255 255 235 111 249 253 251 254 254 255 253 255 255 253 255 224 115 127 24 82 219 245 252 249 255 244 228 101 56 206 255 255 255 255 254 255 255 255 255 255
255 255 255 255 255 255 255 255 253 250 252 234 8 90 137 113 127 148 125 115 141 65 7 131 156 8 98 251 255 255 251 253 254 254 254 254 254 254 255 255 255 255 255 255 255 255 255 255 255 255 255 255 255 255 255 255 255 248 255 255 253 255 253 251 252 253 254 127 201 255 255 252 251 252 251 253 255 255 224 134 255 251 254 255 254 255 254 255 255 253 243 101 178 250 130 55 110 114 121 154 119 119 131 110 3 205 255 250 255 255 253 255 255 255 255 255
255 255 255 255 255 255 255 255 255 255 255 221 13 175 253 234 214 193 221 241 249 122 96 137 3 135 255 251 245 248 254 253 254 254 255 255 254 254 255 255 255 255 255 255 255 255 255 255 255 255 255 255 255 255 255 255 255 252 255 254 250 255 255 255 255 247 255 170 180 248 254 255 255 255 255 255 255 251 198 142 255 250 254 255 253 255 254 254 255 253 153 152 255 249 161 98 213 245 218 200 215 233 253 200 2 196 255 250 254 253 254 255 255 255 255 255
255 255 255 255 255 255 255 255 255 250 251 202 15 202 255 253 254 255 253 255 255 90 112 12 122 253 250 255 255 252 255 254 254 255 255 255 255 254 255 255 255 255 255 255 255 255 255 255 255 255 255 255 255 255 255 255 253 255 254 250 255 251 246 253 246 255 210 108 210 255 251 253 254 248 255 252 252 254 182 150 255 248 253 255 254 254 254 253 252 242 114 239 249 255 152 86 201 249 255 251 255 255 255 225 31 174 255 255 254 253 255 254 255 255 255 255
255 255 255 255 255 255 255 255 254 255 255 182 15 213 247 255 255 249 255 248 223 63 16 86 255 251 255 244 255 255 255 254 254 255 255 255 255 254 255 255 255 255 255 255 255 255 255 255 255 255 255 255 255 255 255 255 255 254 254 254 254 247 251 255 254 173 29 25 84 80 104 125 143 170 228 252 253 255 174 157 255 248 252 255 255 254 255 255 255 183 146 254 254 255 157 83 189 255 254 253 255 252 251 233 31 154 255 250 255 255 254 255 255 255 255 255
255 255 255 255 255 255 255 255 255 252 254 168 23 223 254 255 254 249 253 255 104 1 59 248 253 253 253 253 253 253 253 253 255 255 255 255 255 255 255 255 255 255 255 255 255 255 255 255 254 255 255 255 254 255 252 255 255 254 255 255 250 255 252 244 137 99 131 131 127 124 94 74 82 66 99 124 164 217 160 174 253 255 254 255 252 255 252 254 255 140 203 249 255 255 176 80 180 251 253 254 255 254 251 243 42 140 255 255 252 255 255 254 255 255 255 255
255 255 255 255 255 255 255 255 255 253 254 158 19 230 255 255 251 254 254 193 5 44 233 248 254 254 254 254 254 254 254 254 255 255 255 255 255 255 255 255 255 255 255 255 255 255 255 255 255 254 252 255 255 253 255 253 254 255 255 255 250 253 220 98 156 253 255 252 254 251 254 238 207 157 120 96 95 94 64 115 211 252 254 253 254 255 254 254 253 122 234 254 251 251 174 89 184 255 254 255 255 252 252 251 45 129 253 253 253 254 255 255 255 255 255 255
255 255 255 255 255 255 255 255 255 255 254 141 17 241 254 255 255 255 232 60 20 203 255 253 254 254 255 255 255 255 255 255 255 255 255 255 255 255 255 255 255 255 255 255 255 255 255 255 255 255 255 255 255 255 255 254 254 243 252 249 255 197 91 191 253 253 252 255 253 255 253 255 255 255 255 225 182 139 101 86 65 147 235 255 255 242 255 251 233 117 245 253 255 253 201 98 175 255 255 255 255 253 255 255 49 111 252 253 255 253 255 255 255 255 255 255
255 255 255 255 255 255 255 255 254 254 255 124 25 249 253 255 253 255 201 19 186 255 252 255 254 254 255 255 255 255 255 255 255 255 255 255 255 255 255 255 255 255 255 255 255 254 254 254 254 255 254 251 248 255 251 255 253 249 255 250 143 99 234 254 250 255 253 252 255 253 254 254 255 249 252 255 254 255 245 192 120 67 86 179 248 252 255 253 231 118 254 254 254 253 208 104 152 254 255 255 253 255 255 252 56 92 253 254 255 254 255 253 255 255 255 255
255 255 255 255 255 255 255 255 254 254 255 109 44 254 252 255 253 248 255 141 164 253 255 245 254 255 255 255 255 255 255 255 255 255 255 255 255 255 255 255 255 255 255 255 254 254 254 254 255 253 255 255 252 254 255 251 255 254 132 119 188 251 252 252 254 252 255 253 255 253 255 255 253 255 255 255 253 247 255 255 247 206 148 38 117 145 247 255 227 112 252 250 255 255 221 88 135 253 255 255 253 254 255 252 74 79 255 253 255 254 255 252 255 255 255 255
255 255 255 255 255 255 255 255 254 254 255 94 68 255 254 255 255 249 255 227 109 244 249 255 255 255 255 255 255 255 255 255 255 255 255 255 255 255 255 255 255 255 255 254 254 254 254 254 252 255 253 253 255 248 255 255 199 90 85 206 254 255 249 249 254 255 255 255 255 254 254 255 255 255 250 252 255 253 247 255 254 252 240 157 74 68 143 251 235 122 255 254 252 249 239 90 129 255 255 255 254 252 255 255 101 72 255 254 254 255 255 254 255 255 255 255
255 255 255 255 255 255 255 255 255 255 255 77 88 253 255 254 249 255 247 255 106 131 251 252 254 255 255 255 255 255 255 255 255 255 255 255 255 255 255 255 255 255 255 254 254 254 254 254 255 249 251 252 251 255 190 81 31 127 250 255 249 254 249 255 251 255 255 255 254 255 253 255 255 254 252 255 255 255 252 255 251 255 254 254 221 124 28 109 218 121 253 251 255 255 237 92 119 255 255 255 255 252 255 255 124 65 253 255 254 255 254 255 255 255 255 255
255 255 255 255 255 255 255 255 255 255 252 66 99 251 255 252 255 247 255 255 132 15 201 253 254 254 254 254 254 254 254 254 255 255 255 255 255 255 255 255 255 255 255 254 254 254 254 254 254 253 254 248 191 120 33 66 209 254 255 246 253 255 253 253 255 254 255 254 254 255 255 255 255 255 255 253 254 255 255 252 255 253 253 251 247 254 176 53 78 102 253 255 250 252 249 92 105 252 255 254 254 255 255 252 133 56 247 254 253 255 251 255 255 255 255 255
255 255 255 255 255 255 255 255 255 254 253 45 117 255 254 254 254 255 255 249 119 77 104 206 255 253 255 254 255 251 255 255 254 255 254 253 255 255 255 255 255 254 255 253 255 253 255 255 255 229 167 132 105 82 147 251 254 253 252 252 252 253 253 253 255 255 255 255 255 255 255 255 255 255 255 255 255 255 255 255 254 254 248 255 250 252 254 181 67 74 196 253 253 253 249 122 114 247 255 253 255 253 253 254 150 35 239 253 255 254 255 254 255 255 255 255
255 255 255 255 255 255 255 255 255 253 250 33 121 255 255 254 255 253 254 250 69 122 215 89 213 255 250 246 255 255 255 253 250 255 255 252 253 251 250 255 255 252 252 253 255 252 218 165 117 126 149 128 121 207 254 248 255 254 253 253 253 254 254 254 255 255 255 255 255 255 255 255 255 255 255 255 255 255 255 255 253 255 255 254 254 252 251 253 190 88 81 172 255 250 254 136 108 245 254 251 255 255 255 254 164 22 235 254 255 253 254 255 255 255 255 255
255 255 255 255 255 255 255 255 255 254 243 20 132 254 255 254 253 254 252 249 48 122 255 138 40 222 255 248 254 250 255 253 251 254 248 255 255 255 255 252 253 255 246 208 158 112 121 162 217 195 122 146 240 253 255 255 255 255 254 255 255 255 255 255 255 255 255 255 255 255 255 255 255 255 255 255 255 255 255 255 255 254 255 255 255 255 246 255 253 206 101 80 192 248 255 129 81 235 254 253 254 254 255 254 172 2 225 254 255 254 253 254 255 255 255 255
255 255 255 255 255 255 255 255 255 255 233 15 149 254 255 254 255 250 255 240 42 156 251 117 54 133 240 254 252 255 252 255 255 255 253 255 236 231 228 217 194 151 120 121 166 224 254 210 133 113 196 255 255 249 254 255 255 255 255 255 255 255 255 255 255 255 255 255 255 255 255 255 255 255 255 255 255 255 255 255 255 252 254 255 250 255 255 245 247 254 211 80 75 218 251 149 60 225 255 255 252 253 255 254 185 0 217 255 255 254 254 254 255 255 255 255
255 255 255 255 255 255 255 255 255 255 219 17 170 255 253 255 252 255 255 234 40 180 245 123 79 204 255 249 255 255 225 176 150 138 142 135 115 126 118 136 149 173 230 250 255 214 131 120 185 255 255 247 249 255 255 254 254 255 255 255 255 255 255 255 255 255 255 255 255 255 255 255 255 255 255 255 255 255 255 255 255 255 253 255 255 251 255 253 252 251 255 201 65 106 244 167 62 220 254 253 253 255 255 254 210 22 210 254 254 252 255 255 255 255 255 255
255 255 255 255 255 255 255 255 254 254 202 20 189 255 253 255 251 255 254 227 29 194 209 107 74 144 250 250 252 244 200 165 167 188 194 226 241 240 247 255 255 255 251 216 122 113 186 254 255 253 252 255 252 254 251 255 254 254 255 255 255 255 255 255 255 255 255 255 255 255 255 255 255 255 255 255 255 255 255 255 255 253 255 253 255 255 253 251 255 255 253 254 153 81 143 173 61 210 254 254 253 255 255 254 223 34 195 255 254 253 255 255 255 255 255 255
255 255 255 255 255 255 255 255 255 253 189 19 203 254 255 255 255 253 254 204 22 219 152 85 189 113 221 254 245 255 253 252 255 254 255 248 254 255 255 253 250 211 126 118 187 252 255 255 255 253 255 253 255 251 255 255 254 254 255 255 255 255 255 255 255 255 255 255 255 255 255 255 255 255 255 255 255 255 255 255 255 253 255 254 250 255 255 255 252 250 250 253 249 120 90 91 60 198 254 254 253 252 254 255 230 32 176 255 254 255 254 254 255 255 255 255
255 255 255 255 255 255 255 255 255 254 183 17 211 253 255 252 253 250 255 185 5 223 119 88 250 204 107 253 254 251 254 254 251 254 252 249 255 250 255 194 127 104 184 251 255 249 249 251 252 250 253 255 254 251 255 253 254 254 255 255 255 254 255 255 255 255 255 255 255 255 255 255 255 255 255 255 255 255 255 255 255 255 251 255 255 255 254 253 255 250 254 251 252 222 110 98 73 196 251 250 254 254 255 255 244 34 166 255 250 255 252 255 255 255 255 255
255 255 255 255 255 255 255 255 255 252 168 14 226 255 255 255 252 255 251 167 39 201 71 146 254 255 143 139 252 253 252 248 252 254 253 255 235 163 113 126 186 249 251 255 250 253 255 254 255 255 255 255 255 255 254 254 255 255 255 255 255 255 255 255 255 255 255 255 255 255 255 255 255 255 255 255 255 255 255 255 255 255 255 255 255 255 255 255 255 250 254 253 255 255 181 88 71 188 255 250 252 255 254 253 251 37 144 255 255 255 253 255 255 255 255 255
255 255 255 255 255 255 255 255 255 255 154 9 232 254 251 255 253 251 255 156 58 166 24 220 255 244 255 113 172 252 244 255 255 254 201 134 114 154 219 255 250 255 250 254 255 254 254 254 255 255 255 255 255 255 255 255 255 255 255 255 255 255 255 255 255 255 255 255 255 255 255 255 255 255 255 255 255 255 255 255 255 255 255 255 255 255 255 255 255 255 252 255 250 255 255 97 28 161 255 255 255 254 253 255 250 29 118 255 255 255 255 251 255 255 255 255
255 255 255 255 255 255 255 255 255 255 138 20 242 253 253 255 255 243 255 137 76 101 68 254 250 248 253 239 87 160 253 228 170 116 126 190 239 255 255 252 253 250 255 254 254 254 255 255 255 255 255 255 255 255 255 255 255 255 255 255 255 255 255 255 255 255 255 255 255 255 255 255 255 255 255 255 255 255 255 255 255 255 255 255 255 255 255 255 254 253 255 252 254 252 254 135 21 147 252 252 253 255 255 255 251 45 103 255 255 252 255 252 255 255 255 255
255 255 255 255 255 255 255 255 255 255 119 47 248 254 255 255 250 255 250 121 73 50 159 255 254 251 251 253 236 98 115 123 153 221 255 255 252 253 255 249 251 248 255 251 254 255 255 251 255 255 255 255 255 255 255 255 255 255 255 255 255 255 255 255 255 255 255 255 255 255 255 255 255 255 255 255 255 255 255 255 255 255 255 255 255 255 255 255 255 255 255 253 254 255 249 144 20 139 255 253 253 254 254 255 254 78 96 252 255 255 254 255 255 255 255 255
255 255 255 255 255 255 255 255 254 255 89 66 251 254 255 254 254 252 251 101 53 39 228 250 254 254 255 255 253 247 187 252 255 250 255 255 254 255 251 255 255 255 254 255 255 255 254 253 255 255 255 255 255 255 255 255 255 255 255 255 255 255 255 255 255 255 255 255 255 255 255 255 255 255 255 255 255 255 255 255 255 255 255 255 255 255 255 255 253 255 252 255 253 255 255 157 18 124 254 251 254 255 255 253 255 99 82 251 254 255 253 255 255 255 255 255
255 255 255 255 255 255 255 255 255 255 55 75 254 255 251 255 255 252 254 70 35 63 244 254 249 255 250 253 255 243 255 254 253 255 250 252 255 255 255 254 250 255 253 255 255 251 253 255 255 255 255 255 255 255 255 255 255 255 255 255 255 255 255 255 255 255 255 255 255 255 255 255 255 255 255 255 255 255 255 255 255 255 255 255 255 255 255 255 253 253 255 254 255 251 248 191 27 117 254 248 254 255 255 254 255 111 68 255 251 255 254 255 255 255 255 255
255 255 255 255 255 255 255 255 255 255 34 87 255 254 253 255 252 253 253 70 0 97 253 254 255 255 253 255 249 255 247 250 254 249 255 255 249 253 255 254 255 255 254 251 254 255 255 255 255 255 255 255 255 255 255 255 255 255 255 255 255 255 255 255 255 255 255 255 255 255 255 255 255 255 255 255 255 255 255 255 255 255 255 255 255 255 255 255 255 255 254 253 255 253 255 208 23 110 255 255 255 251 253 255 255 127 52 255 251 253 255 255 255 255 255 255
255 255 255 255 255 255 255 255 254 249 28 101 254 251 255 252 255 253 248 54 2 124 255 250 251 254 255 255 253 252 255 252 251 254 252 254 255 255 253 255 255 251 255 255 255 254 255 255 255 255 255 255 255 255 255 255 255 255 255 255 255 255 255 255 255 255 255 255 255 255 255 255 255 255 255 255 255 255 255 255 255 255 255 255 255 255 255 255 254 253 255 255 255 251 253 231 18 96 248 246 254 254 255 255 255 138 32 245 254 255 255 254 255 255 255 255
255 255 254 254 255 255 255 255 254 235 28 115 252 255 251 254 254 255 242 47 0 184 250 254 255 255 255 255 255 254 254 254 255 255 255 255 255 255 255 255 255 255 255 255 255 255 255 255 255 255 255 255 255 255 255 255 255 255 255 255 255 255 255 255 255 255 255 255 255 255 255 255 255 255 255 255 255 255 255 255 255 255 255 255 255 255 255 255 254 254 254 255 253 248 255 239 32 60 244 250 251 255 255 254 255 143 13 239 253 255 253 255 255 255 255 255
255 255 255 255 255 255 255 255 255 224 8 124 255 255 254 253 254 254 238 32 0 214 252 253 255 255 255 255 255 255 254 254 255 255 255 255 255 255 255 255 255 255 255 255 255 255 255 255 255 255 255 255 255 255 255 255 255 255 255 255 255 255 255 255 255 255 255 255 255 255 255 255 255 255 255 255 255 255 255 255 255 255 255 255 255 255 255 255 254 255 254 255 253 250 255 244 37 46 244 252 251 253 254 255 255 162 13 235 254 254 255 253 255 255 255 255
255 255 255 255 255 255 254 253 253 200 2 148 254 252 255 255 250 255 222 11 34 244 252 247 255 255 255 255 255 255 254 254 255 255 255 255 255 255 255 255 255 255 255 255 255 255 255 255 255 255 255 255 255 255 255 255 255 255 255 255 255 255 255 255 255 255 255 255 255 255 255 255 255 255 255 255 255 255 255 255 255 255 255 255 255 255 255 255 255 255 254 255 253 253 251 250 62 32 237 251 255 255 255 253 255 186 20 220 254 253 255 253 254 254 255 255
254 254 254 255 255 254 253 252 255 173 2 170 255 254 255 251 255 255 195 5 128 252 253 254 255 255 255 255 255 255 255 255 255 255 255 255 255 255 255 255 255 255 255 255 255 255 255 255 255 255 255 255 255 255 255 255 255 255 255 255 255 255 255 255 255 255 255 255 255 255 255 255 255 255 255 255 255 255 255 255 255 255 255 255 255 255 255 255 255 255 254 255 253 255 249 255 84 22 236 255 254 254 254 255 253 206 23 196 253 253 254 255 254 254 254 255
255 255 255 255 255 255 253 253 255 162 2 190 255 255 255 252 253 254 186 36 232 255 254 254 255 255 255 255 255 255 255 255 255 255 255 255 255 255 255 255 255 255 255 255 255 255 255 255 255 255 255 255 255 255 255 255 255 255 255 255 255 255 255 255 255 255 255 255 255 255 255 255 255 255 255 255 255 255 255 255 255 255 255 255 255 255 255 255 255 255 255 255 253 255 248 255 102 11 218 255 251 252 253 255 254 222 12 173 254 254 252 255 254 254 254 255
255 255 255 255 255 254 254 253 253 151 2 209 254 253 252 255 255 253 171 31 242 249 255 250 255 255 255 255 255 255 255 255 255 255 255 255 255 255 255 255 255 255 255 255 255 255 255 255 255 255 255 255 255 255 255 255 255 255 255 255 255 255 255 255 255 255 255 255 255 255 255 255 255 255 255 255 255 255 255 255 255 255 255 255 255 255 255 255 255 255 255 254 254 255 249 255 119 2 184 255 252 255 254 254 255 238 8 152 255 253 251 255 254 254 255 255
255 254 254 254 254 254 254 253 255 114 9 225 255 255 253 254 255 255 162 39 239 254 255 250 255 255 255 255 255 255 255 255 255 255 255 255 255 255 255 255 255 255 255 255 255 255 255 255 255 255 255 255 255 255 255 255 255 255 255 255 255 255 255 255 255 255 255 255 255 255 255 255 255 255 255 255 255 255 255 255 255 255 255 255 255 255 255 255 254 255 255 253 255 253 252 254 133 0 156 255 251 254 253 255 254 248 36 127 255 255 253 254 255 255 255 255
255 255 255 255 255 255 255 254 255 74 32 243 253 254 254 255 255 250 144 52 250 255 252 255 255 255 255 255 255 255 255 255 255 255 255 255 255 255 255 255 255 255 255 255 255 255 255 255 255 255 255 255 255 255 255 255 255 255 255 255 255 255 255 255 255 255 255 255 255 255 255 255 255 255 255 255 255 255 255 255 255 255 255 255 255 255 255 255 254 254 255 253 255 252 253 251 150 1 131 252 252 255 252 255 251 252 73 107 253 255 255 255 255 255 255 255
201 200 200 201 201 200 200 201 200 37 69 254 248 254 255 253 253 255 106 52 255 249 254 254 255 255 255 255 255 255 255 255 255 255 255 255 255 255 255 255 255 255 255 255 255 255 255 255 255 255 255 255 255 255 255 255 255 255 255 255 255 255 255 255 255 255 255 255 255 255 255 255 255 255 255 255 255 255 255 255 255 255 255 255 255 255 255 255 255 254 255 255 254 251 252 254 187 6 100 250 252 255 250 255 254 253 100 52 201 204 203 197 202 202 202 202
146 146 146 146 146 145 145 146 142 20 92 249 252 255 254 255 254 252 78 57 255 253 253 255 255 255 255 255 255 255 255 255 255 255 255 255 255 255 255 255 255 255 255 255 255 255 255 255 255 255 255 255 255 255 255 255 255 255 255 255 255 255 255 255 255 255 255 255 255 255 255 255 255 255 255 255 255 255 255 255 255 255 255 255 255 255 255 255 255 254 255 255 254 252 252 255 206 17 70 254 255 251 255 252 252 255 117 7 150 140 142 148 146 146 146 146
255 255 255 255 255 254 254 255 243 28 117 255 252 250 253 249 255 253 62 62 253 255 255 254 255 255 255 255 255 255 255 255 255 255 255 255 255 255 255 255 255 255 255 255 255 255 255 255 255 255 255 255 255 255 255 255 255 255 255 255 255 255 255 255 255 255 255 255 255 255 255 255 255 255 255 255 255 255 255 255 255 255 255 255 255 255 255 255 255 255 255 255 254 252 253 255 219 29 59 234 251 255 255 254 254 249 146 33 235 255 255 253 255 255 255 255
254 253 253 254 254 253 252 253 217 10 161 255 250 255 255 255 255 242 42 67 255 255 255 254 255 255 255 255 255 255 255 255 255 255 255 255 255 255 255 255 255 255 255 255 255 255 255 255 255 255 255 255 255 255 255 255 255 255 255 255 255 255 255 255 255 255 255 255 255 255 255 255 255 255 255 255 255 255 255 255 255 255 255 255 255 255 255 255 255 255 255 255 254 253 253 255 230 25 53 220 252 255 253 252 253 254 193 37 218 255 252 252 254 254 254 254
255 254 254 255 255 253 253 254 200 0 190 254 252 254 248 255 254 222 7 88 255 254 254 254 254 255 255 255 255 255 255 255 255 255 255 255 255 255 255 255 255 255 255 255 255 255 255 255 255 255 255 255 255 255 255 255 255 255 255 255 255 255 255 255 255 255 255 255 255 255 255 255 255 255 255 255 255 255 255 255 255 255 255 255 255 255 255 255 255 255 255 255 254 254 254 255 237 63 39 187 255 252 252 254 253 255 213 8 176 251 254 254 255 255 255 255
255 255 255 255 255 254 254 254 179 0 212 252 244 255 255 252 252 206 0 125 253 255 254 254 254 254 255 255 255 255 255 255 255 255 255 255 255 255 255 255 255 255 255 255 255 255 255 255 255 255 255 255 255 255 255 255 255 255 255 255 255 255 255 255 255 255 255 255 255 255 255 255 255 255 255 255 255 255 255 255 255 255 255 255 255 255 255 255 255 255 255 255 255 254 255 255 245 106 43 159 253 255 252 255 251 253 224 5 154 254 252 254 255 255 255 255
255 255 255 255 255 254 254 254 147 29 236 252 252 252 254 255 254 172 23 149 251 255 253 254 254 254 255 255 255 255 255 255 255 255 255 255 255 255 255 255 255 255 255 255 255 255 255 255 255 255 255 255 255 255 255 255 255 255 255 255 255 255 255 255 255 255 255 255 255 255 255 255 255 255 255 255 255 255 255 255 255 255 255 255 255 255 255 255 255 255 255 255 255 255 255 255 255 103 51 153 251 255 255 253 253 253 245 45 135 255 251 253 255 255 255 255
255 254 254 255 254 253 253 253 110 46 251 255 255 253 255 253 255 124 38 151 255 254 249 255 254 254 255 255 255 255 255 255 255 255 255 255 255 255 255 255 255 255 255 255 255 255 255 255 255 255 255 255 255 255 255 255 255 255 255 255 255 255 255 255 255 255 255 255 255 255 255 255 255 255 255 255 255 255 255 255 255 255 255 255 255 255 255 255 255 255 255 255 255 255 255 255 254 116 42 115 254 255 255 254 251 253 255 69 97 251 255 255 255 255 255 255
254 252 255 255 255 251 255 255 80 63 253 248 254 252 253 255 254 102 62 156 253 255 253 255 255 255 255 255 255 255 255 255 255 255 255 255 255 255 255 255 255 255 255 255 255 255 255 255 255 255 255 255 255 255 255 255 255 255 255 255 255 255 255 255 255 255 255 255 255 255 255 255 255 255 255 255 255 255 255 255 255 255 255 255 255 255 255 255 255 255 255 255 255 255 255 255 255 161 42 91 245 253 254 255 254 255 254 84 53 255 250 253 255 255 255 255
255 254 255 255 254 254 255 253 61 95 255 251 255 252 253 255 252 79 76 163 255 251 255 252 255 255 255 255 255 255 255 255 255 255 255 255 255 255 255 255 255 255 255 255 255 255 255 255 255 255 255 255 255 255 255 255 255 255 255 255 255 255 255 255 255 255 255 255 255 255 255 255 255 255 255 255 255 255 255 255 255 255 255 255 255 255 255 255 255 255 255 255 255 255 255 255 254 184 52 78 239 255 254 254 251 249 255 105 32 242 255 255 255 255 255 255
255 255 254 254 254 255 253 243 31 137 255 255 255 252 253 255 244 48 105 168 253 255 252 255 255 255 255 255 255 255 255 255 255 255 255 255 255 255 255 255 255 255 255 255 255 255 255 255 255 255 255 255 255 255 255 255 255 255 255 255 255 255 255 255 255 255 255 255 255 255 255 255 255 255 255 255 255 255 255 255 255 255 255 255 255 255 255 255 255 255 255 255 255 255 255 255 254 206 35 70 220 255 255 253 252 254 255 146 46 230 253 252 255 255 255 255
255 255 254 255 255 255 251 228 7 171 254 255 255 253 252 254 222 47 113 187 255 254 253 255 255 255 255 255 255 255 255 255 255 255 255 255 255 255 255 255 255 255 255 255 255 255 255 255 255 255 255 255 255 255 255 255 255 255 255 255 255 255 255 255 255 255 255 255 255 255 255 255 255 255 255 255 255 255 255 255 255 255 255 255 255 255 255 255 255 255 255 255 255 255 255 255 255 222 38 63 184 252 253 255 253 253 255 183 12 191 255 253 255 255 255 255
255 255 253 255 254 254 253 206 5 197 254 253 255 253 252 253 198 50 110 215 255 255 253 255 255 255 255 255 255 255 255 255 255 255 255 255 255 255 255 255 255 255 255 255 255 255 255 255 255 255 255 255 255 255 255 255 255 255 255 255 255 255 255 255 255 255 255 255 255 255 255 255 255 255 255 255 255 255 255 255 255 255 255 255 255 255 255 255 255 255 255 255 255 255 255 255 255 240 83 65 167 255 251 254 251 255 250 200 2 181 255 251 255 255 255 255
255 254 253 255 253 254 255 173 19 221 255 252 254 253 253 255 166 43 110 238 251 255 253 255 255 255 255 255 255 255 255 255 255 255 255 255 255 255 255 255 255 255 255 255 255 255 255 255 255 255 255 255 255 255 255 255 255 255 255 255 255 255 255 255 255 255 255 255 255 255 255 255 255 255 255 255 255 255 255 255 255 255 255 255 255 255 255 255 255 255 255 255 255 255 255 255 254 255 91 59 154 255 253 250 252 250 255 210 23 150 254 255 255 255 255 255
255 254 255 255 253 254 255 132 34 243 255 254 255 253 253 255 124 56 120 252 253 252 255 253 255 255 255 255 255 255 255 255 255 255 255 255 255 255 255 255 255 255 255 255 255 255 255 255 255 255 255 255 255 255 255 255 255 255 255 255 255 255 255 255 255 255 255 255 255 255 255 255 255 255 255 255 255 255 255 255 255 255 255 255 255 255 255 255 255 255 255 255 255 255 255 255 255 255 94 45 122 247 255 253 252 254 255 233 76 118 251 254 255 255 255 255
254 254 255 255 254 254 253 100 40 255 254 255 255 253 252 255 100 69 151 253 253 255 251 255 255 255 255 255 255 255 255 255 255 255 255 255 255 255 255 255 255 255 255 255 255 255 255 255 255 255 255 255 255 255 255 255 255 255 255 255 255 255 255 255 255 255 255 255 255 255 255 255 255 255 255 255 255 255 255 255 255 255 255 255 255 255 255 255 255 255 255 255 255 255 255 255 253 253 148 53 107 246 254 255 250 255 255 255 56 65 255 253 255 255 255 255
254 255 255 251 255 255 252 72 71 255 255 254 255 251 255 254 80 47 167 255 253 255 251 252 255 255 255 255 255 255 255 255 255 255 255 255 255 255 255 255 255 255 255 255 255 255 255 255 255 255 255 255 255 255 255 255 255 255 255 255 255 255 255 255 255 255 255 255 255 255 255 255 255 255 255 255 255 255 255 255 255 255 255 255 255 255 255 255 255 255 255 255 255 255 255 255 252 253 173 40 113 236 251 255 255 254 252 255 82 68 255 254 254 255 255 255
255 254 253 255 255 250 253 49 113 255 255 251 254 253 251 245 42 74 195 255 254 251 255 254 255 255 255 255 255 255 255 255 255 255 255 255 255 255 255 255 255 255 255 255 255 255 255 255 255 255 255 255 255 255 255 255 255 255 255 255 255 255 255 255 255 255 255 255 255 255 255 255 255 255 255 255 255 255 255 255 255 255 255 255 255 255 255 255 255 255 255 255 255 255 255 255 255 255 190 17 87 214 255 249 253 255 254 254 113 67 237 254 254 255 255 255
254 255 254 255 255 254 241 16 149 254 255 254 253 253 253 231 34 78 218 254 254 253 255 255 255 255 255 255 255 255 255 255 255 255 255 255 255 255 255 255 255 255 255 255 255 255 255 255 255 255 255 255 255 255 255 255 255 255 255 255 255 255 255 255 255 255 255 255 255 255 255 255 255 255 255 255 255 255 255 255 255 255 255 255 255 255 255 255 255 255 255 255 255 255 255 255 252 254 224 28 76 186 255 251 253 255 255 252 154 38 211 255 255 255 255 255
254 255 255 251 255 255 215 9 173 255 253 255 255 250 255 202 31 86 236 252 254 255 254 255 255 255 255 255 255 255 255 255 255 255 255 255 255 255 255 255 255 255 255 255 255 255 255 255 255 255 255 255 255 255 255 255 255 255 255 255 255 255 255 255 255 255 255 255 255 255 255 255 255 255 255 255 255 255 255 255 255 255 255 255 255 255 255 255 255 255 255 255 255 255 255 255 255 255 246 53 79 176 255 252 255 253 254 254 176 21 190 255 255 255 255 255
255 254 255 254 255 252 186 21 204 255 251 255 255 252 253 169 4 116 255 251 253 254 255 254 255 255 255 255 255 255 255 255 255 255 255 255 255 255 255 255 255 255 255 255 255 255 255 255 255 255 255 255 255 255 255 255 255 255 255 255 255 255 255 255 255 255 255 255 255 255 255 255 255 255 255 255 255 255 255 255 255 255 255 255 255 255 255 255 255 255 255 255 255 255 255 255 255 255 253 60 59 155 255 252 254 255 249 255 185 44 162 254 255 255 255 255
255 254 254 255 254 253 158 16 231 254 254 254 255 255 252 146 2 131 254 253 252 253 255 255 255 255 255 255 255 255 255 255 255 255 255 255 255 255 255 255 255 255 255 255 255 255 255 255 255 255 255 255 255 255 255 255 255 255 255 255 255 255 255 255 255 255 255 255 255 255 255 255 255 255 255 255 255 255 255 255 255 255 255 255 255 255 255 255 255 255 255 255 255 255 255 255 252 252 255 85 47 132 251 255 252 255 255 254 207 65 124 255 255 255 255 255
255 255 254 255 254 255 124 24 245 252 255 255 252 255 255 115 15 154 248 254 252 254 252 255 255 255 255 255 255 255 255 255 255 255 255 255 255 255 255 255 255 255 255 255 255 255 255 255 255 255 255 255 255 255 255 255 255 255 255 255 255 255 255 255 255 255 255 255 255 255 255 255 255 255 255 255 255 255 255 255 255 255 255 255 255 255 255 255 255 255 255 255 255 255 255 255 255 249 254 131 52 127 247 254 254 252 255 252 231 70 100 255 255 255 255 255
255 252 254 253 255 253 96 59 252 255 251 255 251 254 255 74 5 200 255 254 254 251 255 252 255 255 255 255 255 255 255 255 255 255 255 255 255 255 255 255 255 255 255 255 255 255 255 255 255 255 255 255 255 255 255 255 255 255 255 255 255 255 255 255 255 255 255 255 255 255 255 255 255 255 255 255 255 255 255 255 255 255 255 255 255 255 255 255 255 255 255 255 255 255 255 255 255 250 254 161 40 115 238 251 255 255 252 252 239 79 99 249 255 255 255 255
255 254 255 254 255 253 57 96 255 253 255 255 252 255 249 39 10 224 255 249 255 255 253 253 255 255 255 255 255 255 255 255 255 255 255 255 255 255 255 255 255 255 255 255 255 255 255 255 255 255 255 255 255 255 255 255 255 255 255 255 255 255 255 255 255 255 255 255 255 255 255 255 255 255 255 255 255 255 255 255 255 255 255 255 255 255 255 255 255 255 255 255 255 255 255 255 255 253 253 186 22 95 211 252 255 254 253 255 247 104 82 229 255 255 255 255
255 251 255 250 253 250 26 124 250 255 253 252 255 253 235 32 20 235 255 252 253 253 255 253 254 255 255 255 255 255 255 255 254 254 254 254 254 254 254 254 254 254 254 254 254 254 254 254 254 254 254 254 254 254 254 254 254 254 254 254 254 254 254 254 254 254 254 254 254 254 254 254 254 254 254 254 254 254 254 254 254 254 254 254 254 254 254 254 254 254 254 254 254 254 254 254 251 248 255 220 37 87 198 255 249 254 254 253 255 129 58 226 255 255 255 255
255 254 253 249 254 239 15 151 255 255 252 255 253 252 203 9 31 216 255 253 255 251 254 253 253 253 253 254 254 254 254 253 254 254 254 254 254 254 254 254 254 254 254 254 254 254 254 254 254 254 254 254 254 254 254 254 254 254 254 254 254 254 254 254 254 254 254 254 254 254 254 254 254 254 254 254 254 254 254 254 254 254 254 254 254 254 254 254 255 255 255 255 255 255 255 255 255 255 255 210 22 105 170 254 251 255 250 254 254 152 59 210 255 255 255 255
253 255 251 255 255 200 19 194 254 255 248 255 255 255 165 23 43 64 162 187 179 188 185 181 182 182 183 183 183 183 183 183 182 182 182 182 182 182 182 182 182 182 182 182 182 182 182 182 182 182 182 182 182 182 182 182 182 182 182 182 182 182 182 182 182 182 182 182 182 182 182 182 182 182 182 182 182 182 182 182 182 182 182 182 182 182 182 182 182 182 182 182 182 182 182 182 182 177 166 43 32 104 163 253 255 252 254 252 255 165 84 165 255 255 255 255
255 255 252 249 252 176 2 109 190 232 230 225 221 185 78 17 68 14 24 21 26 22 17 23 24 24 24 24 24 24 24 24 24 24 24 24 24 24 24 24 24 24 24 24 24 24 24 24 24 24 24 24 24 24 24 24 24 24 24 24 24 24 24 24 24 24 24 24 24 24 24 24 24 24 24 24 24 24 24 24 24 24 24 24 24 24 24 24 23 23 23 23 23 23 23 23 23 31 20 24 56 57 58 144 171 218 220 194 168 91 29 141 255 255 255 255
251 255 255 247 251 224 144 161 98 102 105 102 101 122 152 157 196 210 207 210 207 199 212 210 204 204 205 205 205 205 205 205 206 206 206 206 206 206 206 206 206 206 206 206 206 206 206 206 206 206 206 206 206 206 206 206 206 206 206 206 206 206 206 206 206 206 206 206 206 206 206 206 206 206 206 206 206 206 206 206 206 206 206 206 206 206 206 206 205 205 205 205 205 205 205 205 206 206 204 198 202 176 168 146 95 94 100 86 108 182 165 226 255 255 255 255
255 252 250 255 253 253 255 249 250 250 250 245 255 250 255 253 255 250 255 255 254 255 254 251 255 255 255 255 255 255 255 255 254 254 254 254 254 254 254 254 254 254 254 254 254 254 254 254 254 254 254 254 254 254 254 254 254 254 254 254 254 254 254 254 254 254 254 254 254 254 254 254 254 254 254 254 254 254 254 254 254 254 254 254 254 254 254 254 254 254 254 254 254 254 254 254 254 251 253 255 255 249 252 255 255 250 250 254 255 248 255 251 255 255 255 255
255 253 255 254 253 253 252 255 255 251 255 252 255 255 255 253 255 254 251 255 254 249 255 255 254 254 255 255 255 255 255 255 255 255 255 255 255 255 255 255 255 255 255 255 255 255 255 255 255 255 255 255 255 255 255 255 255 255 255 255 255 255 255 255 255 255 255 255 255 255 255 255 255 255 255 255 255 255 255 255 255 255 255 255 255 255 255 255 255 255 255 255 255 255 255 255 255 255 251 253 253 255 253 255 254 255 255 254 252 255 253 255 255 255 255 255
255 255 255 255 254 254 254 254 255 254 254 254 254 254 254 253 254 255 254 254 255 255 254 255 255 255 255 255 255 255 255 255 255 255 255 255 255 255 255 255 255 255 255 255 255 255 255 255 255 255 255 255 255 255 255 255 255 255 255 255 255 255 255 255 255 255 255 255 255 255 255 255 255 255 255 255 255 255 255 255 255 255 255 255 255 255 255 255 255 255 255 255 255 255 255 255 255 254 255 252 254 253 255 254 254 255 255 255 254 254 254 254 255 255 255 255
255 255 255 255 254 254 254 254 255 254 254 254 254 254 254 253 254 255 254 254 255 255 254 255 255 255 255 255 255 255 255 255 255 255 255 255 255 255 255 255 255 255 255 255 255 255 255 255 255 255 255 255 255 255 255 255 255 255 255 255 255 255 255 255 255 255 255 255 255 255 255 255 255 255 255 255 255 255 255 255 255 255 255 255 255 255 255 255 255 255 255 255 255 255 255 255 255 254 255 252 254 253 255 254 254 255 255 255 254 254 254 254 255 255 255 255
